2 0.042079 0.039144 0.017327 0.023406
1 0.088800 0.052865 0.089728 0.015335
3 0.088800 0.069411 0.089728 0.014528
0 0.499381 0.982244 0.988861 0.022599
9 0.710087 0.949556 0.024134 0.033091
10 0.734839 0.949556 0.022896 0.033091
11 0.758973 0.949556 0.022896 0.033091
12 0.784344 0.949556 0.022896 0.033091
13 0.808478 0.949556 0.022896 0.033091
14 0.833849 0.949556 0.022896 0.033091
15 0.857983 0.949556 0.022896 0.033091
16 0.882735 0.949556 0.022896 0.033091
17 0.908106 0.949556 0.022896 0.033091
8 0.932859 0.949556 0.022896 0.033091
7 0.957611 0.950767 0.022896 0.030670
6 0.981745 0.949556 0.022896 0.033091
18 0.709777 0.916868 0.023515 0.032284
18 0.734530 0.916868 0.023515 0.032284
18 0.759282 0.916868 0.023515 0.032284
18 0.784035 0.916868 0.023515 0.032284
18 0.808787 0.916868 0.023515 0.032284
18 0.833540 0.916868 0.023515 0.032284
18 0.858292 0.916868 0.023515 0.032284
18 0.883045 0.916868 0.023515 0.032284
18 0.907797 0.916868 0.023515 0.032284
18 0.932550 0.916868 0.023515 0.032284
18 0.957302 0.916868 0.023515 0.032284
18 0.982054 0.916868 0.023515 0.032284
18 0.982054 0.882163 0.023515 0.032284
18 0.957302 0.882163 0.023515 0.032284
18 0.932550 0.882163 0.023515 0.032284
18 0.907797 0.882163 0.023515 0.032284
18 0.883045 0.882163 0.023515 0.032284
18 0.858292 0.882163 0.023515 0.032284
18 0.833540 0.882163 0.023515 0.032284
18 0.808787 0.882163 0.023515 0.032284
18 0.784035 0.882163 0.023515 0.032284
18 0.759282 0.882163 0.023515 0.032284
18 0.734530 0.882163 0.023515 0.032284
18 0.709777 0.882163 0.023515 0.032284
18 0.709777 0.847458 0.023515 0.032284
18 0.734530 0.847458 0.023515 0.032284
18 0.759282 0.847458 0.023515 0.032284
18 0.784035 0.847458 0.023515 0.032284
18 0.808787 0.847458 0.023515 0.032284
18 0.833540 0.847458 0.023515 0.032284
18 0.858292 0.847458 0.023515 0.032284
18 0.883045 0.847458 0.023515 0.032284
18 0.907797 0.847458 0.023515 0.032284
18 0.932550 0.847458 0.023515 0.032284
18 0.957302 0.847458 0.023515 0.032284
18 0.982054 0.847458 0.023515 0.032284
18 0.982054 0.812752 0.023515 0.032284
18 0.957302 0.812752 0.023515 0.032284
18 0.932550 0.812752 0.023515 0.032284
18 0.883045 0.812752 0.023515 0.032284
18 0.858292 0.812752 0.023515 0.032284
18 0.833540 0.812752 0.023515 0.032284
18 0.808787 0.812752 0.023515 0.032284
18 0.784035 0.812752 0.023515 0.032284
18 0.759282 0.812752 0.023515 0.032284
18 0.734530 0.812752 0.023515 0.032284
18 0.709777 0.812752 0.023515 0.032284
5 0.907797 0.812752 0.023515 0.032284
4 0.025990 0.079096 0.032178 0.008071
